import processing.serial.*;
String val;
Serial myPort;  // Create object from Serial class
String a= "0,0,0,0,0,0,0,0,0,0,0,0,0,0,0,0,0,0,0,0,0,0,0,0,0,0,0,0,0,128,128,128,128,192,192,192,224,224,224,224,240,240,240,240,240,248,248,248,248,248,248,248,248,252,252,252,252,252,252,252,124,124,60,60,60,60,60,60,124,124,252,252,252,252,252,252,252,248,248,248,248,248,248,248,248,240,240,240,240,240,224,224,224,224,192,192,192,128,128,128,128,0,0,0,0,0,0,0,0,0,0,0,0,0,0,0,0,0,0,0,0,0,0,0,0,0,0,0,0,0,0,0,0,0,0,0,0,0,0,0,0,0,0,128,192,224,224,240,240,248,248,252,252,254,254,255,127,127,127,127,127,127,255,255,255,255,255,127,127,127,63,63,63,63,63,127,255,255,223,207,207,239,199,231,231,231,231,227,224,240,240,240,240,240,224,224,224,224,227,199,199,199,199,199,199,207,207,255,255,255,255,127,63,63,127,127,127,127,127,255,255,255,255,255,255,127,127,127,127,127,127,126,254,252,252,252,248,248,240,224,224,192,128,128,0,0,0,0,0,0,0,0,0,0,0,0,0,0,0,0,0,0,0,0,128,224,240,248,254,254,255,255,255,255,255,255,255,255,255,255,255,255,252,248,248,248,240,48,0,0,0,192,225,240,248,248,252,252,252,254,254,254,254,254,255,255,247,231,231,135,7,7,135,231,247,247,247,247,247,247,247,247,247,247,247,247,247,247,247,231,231,7,7,135,239,255,255,255,255,255,255,255,255,254,254,254,252,252,252,240,225,1,0,0,0,0,16,112,248,248,248,255,255,255,255,255,255,255,255,255,255,255,254,252,252,240,224,0,0,0,0,0,0,0,0,0,0,0,0,0,0,36,255,255,255,255,255,255,255,255,255,255,255,255,255,255,255,255,255,255,255,255,127,63,63,62,60,124,254,255,255,255,255,255,255,255,255,255,255,255,255,255,255,255,255,255,255,255,255,254,252,249,147,131,7,39,103,119,119,119,247,247,247,247,247,243,251,249,252,254,254,255,255,255,255,255,255,255,255,255,255,255,255,255,255,255,255,255,255,254,126,62,62,126,254,254,255,255,255,255,255,255,255,255,255,255,255,255,255,255,255,255,255,255,255,255,24,0,0,0,0,0,0,0,0,0,0,0,0,0,0,7,15,31,127,127,255,255,255,255,255,255,255,255,255,255,255,159,31,15,14,12,0,0,0,128,192,135,143,159,159,63,63,127,127,127,127,255,255,255,255,255,255,255,255,255,255,255,255,255,247,231,231,239,239,255,223,222,206,222,254,254,238,238,236,225,241,247,255,255,255,255,255,255,255,255,255,255,127,127,127,127,63,63,63,31,15,135,129,0,0,8,15,15,15,31,31,31,255,255,255,255,255,255,255,255,255,255,127,63,31,15,7,0,0,0,0,0,0,0,0,0,0,0,0,0,0,0,0,0,0,0,0,0,0,1,3,7,7,15,15,31,31,63,63,127,127,255,255,255,255,255,255,255,255,255,255,255,255,255,255,255,255,255,254,255,255,255,255,255,255,255,255,243,243,247,243,243,243,227,231,231,7,7,7,15,15,15,7,167,231,231,247,247,247,247,243,251,251,251,255,255,255,255,255,252,252,252,252,252,252,254,254,255,255,255,255,255,255,254,254,254,254,127,127,63,63,31,31,15,15,7,7,3,1,0,0,0,0,0,0,0,0,0,0,0,0,0,0,0,0,0,0,0,0,0,0,0,0,0,0,0,0,0,0,0,0,0,0,0,0,0,0,0,0,0,0,0,1,1,1,3,3,3,7,7,7,7,15,15,15,15,15,31,31,31,31,31,31,31,31,31,63,63,63,63,63,63,63,63,63,63,62,63,62,63,63,63,63,63,63,63,63,63,31,31,31,31,31,31,31,31,31,15,15,15,15,15,7,7,7,7,3,3,3,1,1,1,0,0,0,0,0,0,0,0,0,0,0,0,0,0,0,0,0,0,0,0,0,0,0,0,0,0,0,0,0,0,0,0,0,0,0,0,0,0,0,0,0,0,0,0,0,0,0,0,0,0,0,0,0,0,0,0,0,0,0,0,0,0,0,0,0,0,0,0,0,0,0,0,0,0,0,0,0,0,0,0,0,0,0,0,0,0,0,0,0,0,0,0,0,0,0,0,0,0,0,0,0,0,0,0,0,0,0,0,0,0,0,0,0,0,0,0,0,0,0,0,0,0,0,0,0,0,0,0,0,0,0,0,0,0,0,0,0,0,0,0,0,0,0,0,0,0,0,0,0,0,0,0,0,0,0,0,\n";
// add many strings
void setup() 
{

  myPort = new Serial(this, "COM13", 9600);
  delay(1000);
  myPort.write(a); 
  println("Sent msg "+ a); 
  //add another string with appropriate delay 
}
void draw() {

 }